Long_Penman_Monthly_Cumulative, Short_Penman_Monthly_Cumulative, Hargreaves_Cumulative
[[ 309.58028977  211.3141108   322.40670583]
 [ 670.1554571   459.69351177  606.60525376]
 [1281.65845882  875.50975921 1010.35582167]
 [2005.60730702 1367.66736064 1499.3165511 ]
 [2849.10449503 1979.67969833 2086.75323583]
 [3665.02271861 2605.67640278 2684.80316201]
 [4309.93681847 3041.67741485 3296.63316703]
 [4791.82729661 3304.79434184 3860.91726833]
 [5242.32212216 3555.37444346 4371.99177387]
 [5775.30439622 3856.55202865 4823.95060053]
 [6158.34096641 4091.17543912 5145.1686509 ]
 [6312.21988928 4209.97515349 5424.77027391]]