Long_Penman_Daily_Cumulative, Short_Penman_Daily_Cumulative, Hargreaves_Cumulative
[[  12.94436313    8.23727021    8.26011829]
 [  18.4861162    12.41759333   16.72729381]
 [  26.24306012   17.84480829   26.03190328]
 [  41.10480752   27.41569997   36.52032315]
 [  48.76978959   32.9058903    47.6828304 ]
 [  69.75130452   45.92915326   56.02773976]
 [  78.18388764   51.53578798   64.78244186]
 [  82.11031004   54.63047561   73.86355273]
 [  93.25347721   62.22956423   83.31194692]
 [ 102.2190735    68.5354226    93.40500872]
 [ 109.37720805   73.65981155  103.67910478]
 [ 120.78592748   81.32387875  112.94516021]
 [ 132.28691878   88.98173519  122.8019239 ]
 [ 140.80385184   95.00544279  133.60917487]
 [ 154.57859427  103.88656892  145.95623678]
 [ 169.77961821  113.58902661  154.35661617]
 [ 178.07406268  119.32352336  163.57333578]
 [ 184.49652346  124.07432219  173.61083154]
 [ 192.49753933  129.76974799  185.22143174]
 [ 205.46838062  138.34146598  197.09675739]
 [ 218.28004098  146.93852883  207.44187801]
 [ 230.00205166  154.91083282  217.97737336]
 [ 240.75872849  162.18781886  228.03347938]
 [ 249.10889983  168.26836068  239.11163371]
 [ 257.47604685  174.19932986  250.98416828]
 [ 264.55280679  179.57394035  261.40784599]
 [ 272.70911516  185.42541691  272.83736466]
 [ 288.69034185  195.62818072  285.64985113]
 [ 296.01223463  201.04756537  297.70270139]
 [ 302.6174258   206.06114116  310.10484213]
 [ 309.58028977  211.3141108   322.40670583]
 [ 318.99273614  218.02264288  335.86161276]
 [ 342.98792503  232.83553779  349.34200756]
 [ 355.10114008  240.86289817  358.68831636]
 [ 363.31958502  246.55446187  369.89409494]
 [ 373.61334516  253.17969982  379.08248355]
 [ 385.56370456  261.17741157  387.96713395]
 [ 399.44738929  270.13342273  394.53508556]
 [ 402.62989582  272.38340834  399.41013008]
 [ 415.24039877  280.87650752  407.94634494]
 [ 422.8835975   286.59355947  418.11707918]
 [ 430.93233488  292.6635402   429.61283343]
 [ 456.86976718  308.25353838  439.42045627]
 [ 475.01512344  320.82425528  450.11019602]
 [ 482.74324826  327.55599614  460.39201579]
 [ 491.57550608  334.99526773  470.91081238]
 [ 501.43242419  342.89752159  481.25154343]
 [ 514.60725984  352.32198658  494.33988172]
 [ 527.45889701  361.55546263  505.98838635]
 [ 549.44206918  376.33577587  517.08673802]
 [ 556.85026922  382.31895754  525.06243326]
 [ 567.90003308  389.80037226  534.64043957]
 [ 585.76708582  401.81166484  546.30087964]
 [ 594.43607729  407.57136208  556.76012097]
 [ 612.56147883  419.50584431  567.4295203 ]
 [ 622.59911064  427.44295439  577.16221915]
 [ 636.51650201  437.75515401  585.72944537]
 [ 654.77620646  450.03807234  595.9104562 ]
 [ 670.1554571   459.69351177  606.60525376]
 [ 687.25442378  471.11266183  616.02433512]
 [ 701.66725552  481.41711978  627.11444132]
 [ 711.6399213   487.70792804  636.94361734]
 [ 738.33908467  503.8773487   648.50842088]
 [ 753.77539608  513.346185    658.62809453]
 [ 773.52224091  526.15991622  670.44442377]
 [ 787.35847408  536.21670169  683.93973415]
 [ 810.02628843  551.42607857  698.31188505]
 [ 827.16923095  563.40338762  713.65856388]
 [ 858.01396588  583.14184584  729.23986968]
 [ 873.75229144  594.21019755  745.28664724]
 [ 916.42993208  619.62097945  761.72773418]
 [ 939.37490963  634.22285734  778.53063965]
 [ 955.59913859  645.17850517  793.41108145]
 [ 983.04416171  663.47084871  807.26072771]
 [1002.54350616  677.75209689  819.41793194]
 [1014.55463738  687.52393037  828.97863315]
 [1026.10552234  696.89779807  837.9181774 ]
 [1038.84829624  707.28123767  847.66509395]
 [1051.60698608  717.71118233  859.28953882]
 [1070.6266517   731.26119581  869.78449512]
 [1099.84662426  750.17399073  884.41342545]
 [1121.02574599  764.15049534  901.00002337]
 [1141.88985599  778.21639266  917.14714548]
 [1159.65565016  791.03157533  930.79684232]
 [1180.47710252  805.57647002  947.04199884]
 [1204.2078016   821.94813425  963.4359995 ]
 [1219.43835166  833.09013087  970.76592533]
 [1240.68780926  847.37349332  980.31884631]
 [1262.86413475  862.2319036   993.8036287 ]
 [1281.65845882  875.50975921 1010.35582167]
 [1302.20786887  890.09086966 1029.0313457 ]
 [1319.5553548   902.50857253 1045.02853025]
 [1338.92009373  915.39317872 1059.7295058 ]
 [1359.78720711  928.41737644 1073.29965571]
 [1396.38113558  950.2009592  1089.14666305]
 [1411.85704603  960.7197603  1102.05763685]
 [1426.82909793  971.83891117 1116.77587212]
 [1442.05455542  982.93301204 1129.96427521]
 [1461.4332142   995.75752341 1145.17530152]
 [1481.26131269 1008.99418036 1160.4705711 ]
 [1514.612036   1030.01700149 1178.69813772]
 [1542.91943966 1047.32288787 1197.26297743]
 [1561.13423415 1061.26746751 1215.67600621]
 [1587.69639661 1080.46121184 1233.69463629]
 [1610.84951626 1096.9999032  1247.54156111]
 [1634.18195669 1113.12315624 1264.58060343]
 [1661.3296352  1132.26370825 1282.16098151]
 [1690.95457625 1150.85809653 1297.94538718]
 [1716.84447462 1168.55223454 1311.63757658]
 [1742.48604492 1185.76005517 1328.06276618]
 [1763.80011479 1201.39210399 1342.9649408 ]
 [1789.76935736 1219.88777721 1360.42175919]
 [1821.7620655  1241.1623736  1373.58717213]
 [1848.24529356 1258.91177378 1390.63723221]
 [1873.08227157 1276.36451009 1409.31736419]
 [1896.93245524 1293.29053334 1428.29619943]
 [1923.91119894 1312.45672899 1446.90589068]
 [1944.40835625 1327.32982411 1466.04020225]
 [1968.05011364 1343.80831495 1483.74636872]
 [2005.60730702 1367.66736064 1499.3165511 ]
 [2033.1722806  1385.73201914 1517.41387825]
 [2061.80847363 1405.27371071 1536.15209444]
 [2081.71254872 1420.10343917 1554.99536996]
 [2104.87515634 1436.80119595 1569.34767526]
 [2122.68125578 1450.63967404 1585.75960521]
 [2137.94693143 1462.87043684 1603.20225753]
 [2160.37162649 1479.16056526 1620.10074113]
 [2183.12415537 1495.78693306 1636.79523946]
 [2203.80771775 1510.15126789 1656.81306645]
 [2218.54774527 1521.56160307 1674.14197618]
 [2239.27570972 1536.25568541 1693.60743162]
 [2274.63512926 1560.36991999 1714.49455508]
 [2317.82513697 1588.82028761 1737.5874009 ]
 [2340.75422831 1605.90857994 1758.58223198]
 [2376.92025393 1630.93974249 1776.79817954]
 [2408.17685753 1653.37143245 1797.79367313]
 [2438.59253845 1674.62599277 1820.66740733]
 [2469.40878622 1696.71883122 1843.03028325]
 [2498.22035906 1718.13131936 1864.59963744]
 [2520.31370838 1735.95543594 1877.34942373]
 [2549.14784876 1758.24109037 1894.7064623 ]
 [2583.03997284 1782.86934842 1915.70130271]
 [2621.5216508  1811.52156695 1936.79295291]
 [2653.13358747 1835.84848264 1956.29575819]
 [2686.26188139 1859.75677027 1975.3060154 ]
 [2701.4484509  1870.54097494 1991.73509221]
 [2719.09549935 1882.55375748 2008.51834189]
 [2743.97214879 1901.85119817 2025.80812846]
 [2775.20942405 1925.05252305 2045.99840916]
 [2811.79547263 1952.45199399 2066.21123388]
 [2849.10449503 1979.67969833 2086.75323583]
 [2874.79479847 2000.38563731 2108.27106355]
 [2898.23932294 2019.87942565 2130.15739372]
 [2922.04488183 2038.84055888 2152.46325668]
 [2962.77432354 2067.03160623 2173.15359098]
 [2993.4014579  2089.12047299 2192.07918721]
 [3013.97975212 2106.8726803  2208.9316668 ]
 [3045.29217036 2129.75564059 2230.45373157]
 [3068.54972894 2147.69479767 2249.2603227 ]
 [3095.65078829 2169.8815879  2266.73241242]
 [3126.35136246 2192.36695264 2286.55912301]
 [3157.452335   2214.70140253 2304.75711033]
 [3180.16413661 2232.44099158 2325.00405643]
 [3201.87348841 2249.36832567 2344.94171022]
 [3223.63691341 2267.04583746 2365.73520948]
 [3248.13120653 2287.59735806 2383.55821399]
 [3281.67486273 2314.34319146 2403.68687224]
 [3310.91894898 2337.9790978  2421.76930388]
 [3340.87624034 2362.56622499 2439.37282265]
 [3372.5812624  2387.81716815 2459.44740382]
 [3401.56738859 2410.29242273 2479.0335927 ]
 [3425.06506939 2428.49914243 2499.68800588]
 [3455.01680255 2450.94395541 2521.7759161 ]
 [3495.18589522 2478.058278   2543.8556689 ]
 [3519.18153162 2495.52370174 2565.39653899]
 [3537.77569998 2509.35529922 2587.68116663]
 [3569.02973513 2532.30036596 2609.4681123 ]
 [3592.01631775 2550.57904518 2628.85607251]
 [3616.01008068 2569.43019729 2647.60294901]
 [3640.61336788 2587.44141334 2667.3894258 ]
 [3665.02271861 2605.67640278 2684.80316201]
 [3692.30187849 2628.41698557 2704.75072608]
 [3720.91787088 2652.46263129 2726.14828602]
 [3749.66764879 2676.60454096 2746.98919916]
 [3780.8518053  2700.00551481 2768.47966543]
 [3810.09098776 2723.81430519 2789.94250203]
 [3835.09964284 2746.11949144 2810.57253802]
 [3863.67885892 2770.69519059 2828.90085903]
 [3889.41394381 2794.04142703 2846.09986327]
 [3913.1385275  2814.09663009 2866.21017059]
 [3936.7128846  2834.12764549 2885.07321818]
 [3962.36217635 2853.1753735  2903.69225475]
 [3980.19929176 2862.75244566 2925.13139411]
 [3993.91814754 2869.86716334 2947.3378917 ]
 [4007.79333751 2876.86153207 2970.03782327]
 [4025.18440936 2885.72235976 2990.03844737]
 [4038.44202061 2892.91111271 3010.05498437]
 [4050.53670067 2899.20817783 3027.02548126]
 [4061.75794381 2904.95834908 3045.56864535]
 [4080.12323335 2914.55502296 3065.67168255]
 [4095.21237416 2922.79660928 3084.5920671 ]
 [4113.64557635 2932.9244862  3105.93064488]
 [4125.49555246 2939.29047905 3127.00042966]
 [4140.06258091 2947.25301814 3148.6125184 ]
 [4168.03358282 2963.00549491 3166.12243906]
 [4198.18737418 2979.77459104 3187.05988709]
 [4237.74943203 3002.15122914 3206.21495354]
 [4254.22083337 3011.18341483 3223.96179881]
 [4272.52437975 3021.67458712 3242.44418073]
 [4288.15635983 3030.57462462 3260.56670841]
 [4304.73737322 3039.43754963 3278.55938366]
 [4309.93681847 3041.67741485 3296.63316703]
 [4325.3018982  3049.71509573 3314.94523544]
 [4340.64020388 3057.69383431 3333.67525888]
 [4363.41661617 3070.11565385 3352.29933071]
 [4378.53917033 3078.30215809 3373.98580227]
 [4396.71539624 3087.8189141  3396.71626709]
 [4418.82633173 3100.11226208 3413.2852395 ]
 [4429.23302972 3105.72401565 3432.27831034]
 [4447.64058771 3115.74389669 3453.19517859]
 [4471.39249591 3128.40652471 3475.68429658]
 [4481.0848593  3133.08307228 3494.96579002]
 [4498.27980076 3142.19971677 3513.90346068]
 [4516.8347608  3152.28586281 3533.27139041]
 [4533.93039102 3161.73935904 3546.20095082]
 [4555.99796142 3174.27741918 3561.36362557]
 [4573.11593782 3183.97013712 3576.60310325]
 [4584.51050946 3190.82835264 3593.35230953]
 [4592.53281324 3196.27820973 3611.1207282 ]
 [4601.18137155 3201.23674027 3630.51841287]
 [4614.27477786 3208.60663631 3649.7812082 ]
 [4628.18851724 3216.04884828 3670.16358236]
 [4642.29911567 3223.4607926  3690.16674336]
 [4655.21666116 3230.49674876 3708.13023414]
 [4665.70272654 3235.82387111 3723.54137579]
 [4679.77723007 3243.40222619 3739.9381611 ]
 [4696.23217036 3253.25962987 3757.86545606]
 [4706.79700676 3258.61337218 3774.20988779]
 [4722.96122709 3267.23331735 3791.94407965]
 [4733.60095979 3272.60346509 3810.14962755]
 [4762.10555878 3288.2093123  3828.32272469]
 [4778.20475593 3297.37031994 3844.51116021]
 [4791.82729661 3304.79434184 3860.91726833]
 [4805.88857835 3312.42004098 3875.84586893]
 [4818.77950015 3319.3294887  3892.61512488]
 [4834.40715888 3327.87550188 3910.31836861]
 [4851.63180206 3337.40559351 3927.43193016]
 [4864.20907647 3345.43703761 3943.76840507]
 [4872.24300805 3349.50242198 3960.86065638]
 [4888.22266444 3358.03869517 3978.83494672]
 [4900.22908319 3364.40372423 3998.40449866]
 [4908.15175494 3368.38444519 4014.00047291]
 [4918.35086199 3373.68847797 4030.02424935]
 [4929.48612474 3379.54134938 4045.39789509]
 [4937.33162796 3383.77129305 4062.70291637]
 [4952.06266577 3391.8733023  4082.18923094]
 [4966.02330786 3399.78690162 4097.84539111]
 [4979.96389475 3407.22252543 4115.11478634]
 [4990.69954901 3412.90655455 4134.31568558]
 [5005.46494137 3420.85460297 4152.84400015]
 [5021.48757481 3429.68325912 4171.73529443]
 [5037.64688664 3439.15669161 4187.69977424]
 [5058.86365339 3451.69859665 4203.69022026]
 [5081.24683029 3463.98267791 4221.63412133]
 [5103.48756597 3476.16148345 4238.09591875]
 [5125.78726246 3488.3723448  4252.37649315]
 [5142.96225756 3497.63759922 4267.7304563 ]
 [5158.80589594 3506.79115363 4281.87265766]
 [5170.9991816  3514.07849401 4300.70566019]
 [5191.08119546 3525.89946643 4319.38815947]
 [5207.08617741 3534.76080157 4334.93449854]
 [5226.74721586 3545.95998577 4352.97907277]
 [5242.32212216 3555.37444346 4371.99177387]
 [5254.62600469 3562.34729797 4387.90988893]
 [5264.70159036 3567.77428596 4404.81988802]
 [5284.70337481 3578.91650223 4419.82300465]
 [5295.54840246 3584.93121667 4432.56940405]
 [5315.31956038 3595.91515567 4448.10793689]
 [5338.48207848 3609.09585321 4465.58510455]
 [5356.40649219 3618.9834782  4477.54715704]
 [5366.9238727  3624.72256238 4489.10306452]
 [5380.03182274 3631.99545333 4502.00420452]
 [5387.92080982 3636.09176229 4513.98514373]
 [5402.28177597 3643.90779646 4528.71912468]
 [5415.39224116 3651.61282312 4540.86599036]
 [5429.56866927 3659.37804888 4557.27661052]
 [5449.62196592 3671.08104109 4569.99032499]
 [5460.23470986 3676.8981189  4586.20738085]
 [5475.47843955 3685.2275726  4602.75561741]
 [5487.65754395 3691.94471874 4618.26996874]
 [5507.68511763 3703.8244545  4634.06638653]
 [5529.76340126 3716.37328638 4650.69452866]
 [5549.78081318 3727.49866208 4667.65060684]
 [5571.29572333 3739.45973538 4684.04030038]
 [5599.03621486 3755.34812544 4700.66002043]
 [5630.02259534 3772.77134446 4717.07252205]
 [5640.75090596 3778.60371807 4733.77107448]
 [5655.5067579  3787.04029126 4746.1394496 ]
 [5663.05142149 3792.10336322 4755.75789961]
 [5679.25945217 3801.73650905 4768.22663633]
 [5704.21110371 3816.16276773 4782.79198399]
 [5748.79865027 3841.60676144 4797.69423663]
 [5763.0101297  3849.52061213 4810.27460542]
 [5775.30439622 3856.55202865 4823.95060053]
 [5792.88767222 3866.39665523 4838.46740843]
 [5829.36605135 3887.59501557 4852.67611735]
 [5848.044753   3898.07751149 4864.99954753]
 [5856.7875439  3903.12035429 4876.36097665]
 [5869.65577069 3910.49274366 4889.12877534]
 [5882.28800682 3917.75220107 4902.70916176]
 [5893.55676152 3924.45731231 4915.06961943]
 [5911.1524802  3934.73396253 4927.75244544]
 [5927.34858189 3944.02261138 4938.97691074]
 [5948.10202905 3955.8456278  4953.03421926]
 [5958.4578109  3961.52409087 4966.19294208]
 [5977.00994072 3971.88913442 4974.88148988]
 [5991.31477557 3980.36687572 4981.86855231]
 [6010.67448746 3992.19204906 4989.17013732]
 [6044.8206223  4012.39058066 4999.2043799 ]
 [6073.49824692 4029.44858462 5010.13035899]
 [6077.31124582 4032.25648176 5019.57203752]
 [6079.7080493  4034.01018656 5028.87644127]
 [6083.29811037 4037.47944896 5034.99433445]
 [6088.32386776 4041.86540431 5047.0096455 ]
 [6095.06286094 4047.10634339 5059.39894192]
 [6100.53617624 4050.92519086 5071.52282609]
 [6104.16631128 4053.65954733 5079.12177583]
 [6109.76350479 4057.42250238 5088.03502798]
 [6114.95162145 4061.56419696 5098.77837399]
 [6119.20044933 4065.43097774 5108.05332501]
 [6125.20213813 4069.79220211 5115.96507325]
 [6131.69300664 4074.46200691 5124.21393158]
 [6142.81815695 4081.56625268 5133.59010907]
 [6158.34096641 4091.17543912 5145.1686509 ]
 [6165.0346079  4096.20356224 5156.63607931]
 [6169.94307956 4100.40256609 5166.82115601]
 [6176.17438095 4105.21625869 5177.0542307 ]
 [6181.91693715 4109.60407655 5187.93975614]
 [6185.11768706 4112.12489808 5195.99360969]
 [6191.26254172 4116.88773642 5204.29813909]
 [6198.5457287  4121.79453943 5215.68331027]
 [6203.51893326 4126.03996982 5225.55527475]
 [6207.09526049 4128.96372072 5233.45000321]
 [6210.68042125 4131.9986562  5242.54314188]
 [6214.27255527 4135.2653041  5252.50073454]
 [6217.235006   4138.17368351 5259.70846453]
 [6220.09835715 4140.94085633 5268.08443718]
 [6228.57455259 4146.87990185 5278.30578032]
 [6231.47550106 4149.41749129 5286.14633774]
 [6234.543732   4152.04360581 5293.30304997]
 [6243.54305876 4157.82586251 5301.67825472]
 [6246.97959905 4160.74950865 5310.84710507]
 [6250.85374184 4163.91427634 5320.0838497 ]
 [6254.15109945 4166.80072878 5330.02053139]
 [6257.94044217 4170.01269959 5340.67268717]
 [6262.89859968 4173.61449356 5349.82053242]
 [6270.2314552  4178.87135745 5358.16855751]
 [6283.03330408 4187.02678671 5366.81104199]
 [6290.13972021 4192.31650904 5376.9029164 ]
 [6294.4845039  4195.94630192 5387.9473253 ]
 [6297.45668157 4198.48370992 5394.50411684]
 [6300.13466461 4200.73383924 5400.510035  ]
 [6303.17866928 4203.2004845  5407.69347609]
 [6307.15195985 4206.18132344 5415.71659085]
 [6312.21988928 4209.97515349 5424.77027391]]